format punbw
vertex_count 7
-9.183487303943139e-10 -0.003359450725838542 -0.0025546574033796787 0.75 0.01000000536441803 0.0 -0.7579271793365479 -0.652302622795105 0 0 0 0 1.0 0.0 0.0 0.0 
-1.423911877296291e-09 0.0 0.0051093148067593575 0.75 0.01000000536441803 0.0 -0.4421521723270416 0.8969084620475769 0 0 0 0 1.0 0.0 0.0 0.0 
-4.1278580553694155e-10 0.050039518624544144 0.0 0.25 0.25 0.0 0.99981689453125 -0.018097475171089172 0 0 0 0 1.0 0.0 0.0 0.0 
-4.127857500257903e-10 0.006718901451677084 0.0 0.75 0.49000000953674316 0.0 0.9249244928359985 -0.3801080286502838 0 0 0 0 1.0 0.0 0.0 0.0 
0.01156593393534422 -4.855135182779691e-10 0.0 0.9900000095367432 0.2499999850988388 0.940244734287262 -0.28131961822509766 -0.19177831709384918 0 0 0 0 1.0 0.0 0.0 0.0 
-0.01156593393534422 -1.1169890706819174e-10 0.0 0.5099999904632568 0.25 -0.940244734287262 -0.28131961822509766 -0.19177831709384918 0 0 0 0 1.0 0.0 0.0 0.0 
-4.127857500257903e-10 -3.198916687097153e-09 0.01746838353574276 0.25 0.25 0.0 -0.07074190676212311 0.9974669814109802 0 0 0 0 1.0 0.0 0.0 0.0 
index_count 36
0 2 4 4 2 1 1 2 5 5 2 0 0 4 1 0 1 5 3 6 4 4 6 0 0 6 5 5 6 3 3 4 0 3 0 5 
bone_count 1
Bone -1 1.0 -0.0 0.0 -0.0 -0.0 0.0 1.0 -2.0377795696258545 0.0 -1.0 0.0 -0.0 -0.0 0.0 -0.0 1.0 
bone_count 1
action_count 0
