v  0.04999999701976776 0.04999999701976776 0.9999999403953552
v  0.04999999701976776 0.04999999701976776 0.0
v  0.04999999701976776 -0.04999999701976776 0.9999999403953552
v  0.04999999701976776 -0.04999999701976776 0.0
v  -0.04999999701976776 0.04999999701976776 0.9999999403953552
v  -0.04999999701976776 0.04999999701976776 0.0
v  -0.04999999701976776 -0.04999999701976776 0.9999999403953552
v  -0.04999999701976776 -0.04999999701976776 0.0
v  0.04999999701976776 0.04999999701976776 0.9777777194976807
v  0.04999999701976776 0.04999999701976776 0.9555554986000061
v  0.04999999701976776 0.04999999701976776 0.9333332777023315
v  0.04999999701976776 0.04999999701976776 0.911111056804657
v  0.04999999701976776 0.04999999701976776 0.8888888359069824
v  0.04999999701976776 0.04999999701976776 0.8666666150093079
v  0.04999999701976776 0.04999999701976776 0.8444443941116333
v  0.04999999701976776 0.04999999701976776 0.8222221732139587
v  0.04999999701976776 0.04999999701976776 0.7999999523162842
v  0.04999999701976776 0.04999999701976776 0.7777777314186096
v  0.04999999701976776 0.04999999701976776 0.7555555105209351
v  0.04999999701976776 0.04999999701976776 0.7333332896232605
v  0.04999999701976776 0.04999999701976776 0.7111110687255859
v  0.04999999701976776 0.04999999701976776 0.6888888478279114
v  0.04999999701976776 0.04999999701976776 0.6666666269302368
v  0.04999999701976776 0.04999999701976776 0.6444444060325623
v  0.04999999701976776 0.04999999701976776 0.6222221851348877
v  0.04999999701976776 0.04999999701976776 0.5999999642372131
v  0.04999999701976776 0.04999999701976776 0.5777777433395386
v  0.04999999701976776 0.04999999701976776 0.555555522441864
v  0.04999999701976776 0.04999999701976776 0.5333333015441895
v  0.04999999701976776 0.04999999701976776 0.5111110806465149
v  0.04999999701976776 0.04999999701976776 0.4888888895511627
v  0.04999999701976776 0.04999999701976776 0.46666666865348816
v  0.04999999701976776 0.04999999701976776 0.4444444477558136
v  0.04999999701976776 0.04999999701976776 0.42222222685813904
v  0.04999999701976776 0.04999999701976776 0.4000000059604645
v  0.04999999701976776 0.04999999701976776 0.3777777850627899
v  0.04999999701976776 0.04999999701976776 0.35555556416511536
v  0.04999999701976776 0.04999999701976776 0.3333333432674408
v  0.04999999701976776 0.04999999701976776 0.31111112236976624
v  0.04999999701976776 0.04999999701976776 0.2888889014720917
v  0.04999999701976776 0.04999999701976776 0.2666666805744171
v  0.04999999701976776 0.04999999701976776 0.24444447457790375
v  0.04999999701976776 0.04999999701976776 0.2222222536802292
v  0.04999999701976776 0.04999999701976776 0.20000003278255463
v  0.04999999701976776 0.04999999701976776 0.17777781188488007
v  0.04999999701976776 0.04999999701976776 0.1555555909872055
v  0.04999999701976776 0.04999999701976776 0.13333335518836975
v  0.04999999701976776 0.04999999701976776 0.11111113429069519
v  0.04999999701976776 0.04999999701976776 0.08888890594244003
v  0.04999999701976776 0.04999999701976776 0.06666667759418488
v  0.04999999701976776 0.04999999701976776 0.044444452971220016
v  0.04999999701976776 0.04999999701976776 0.022222226485610008
v  -0.04999999701976776 -0.04999999701976776 0.02222222089767456
v  -0.04999999701976776 -0.04999999701976776 0.04444444179534912
v  -0.04999999701976776 -0.04999999701976776 0.06666666269302368
v  -0.04999999701976776 -0.04999999701976776 0.08888888359069824
v  -0.04999999701976776 -0.04999999701976776 0.1111111044883728
v  -0.04999999701976776 -0.04999999701976776 0.13333332538604736
v  -0.04999999701976776 -0.04999999701976776 0.15555554628372192
v  -0.04999999701976776 -0.04999999701976776 0.17777776718139648
v  -0.04999999701976776 -0.04999999701976776 0.19999998807907104
v  -0.04999999701976776 -0.04999999701976776 0.2222222089767456
v  -0.04999999701976776 -0.04999999701976776 0.24444442987442017
v  -0.04999999701976776 -0.04999999701976776 0.2666666507720947
v  -0.04999999701976776 -0.04999999701976776 0.2888888716697693
v  -0.04999999701976776 -0.04999999701976776 0.31111109256744385
v  -0.04999999701976776 -0.04999999701976776 0.3333333134651184
v  -0.04999999701976776 -0.04999999701976776 0.35555553436279297
v  -0.04999999701976776 -0.04999999701976776 0.37777775526046753
v  -0.04999999701976776 -0.04999999701976776 0.3999999761581421
v  -0.04999999701976776 -0.04999999701976776 0.42222219705581665
v  -0.04999999701976776 -0.04999999701976776 0.4444444179534912
v  -0.04999999701976776 -0.04999999701976776 0.46666663885116577
v  -0.04999999701976776 -0.04999999701976776 0.48888885974884033
v  -0.04999999701976776 -0.04999999701976776 0.5111110806465149
v  -0.04999999701976776 -0.04999999701976776 0.5333333015441895
v  -0.04999999701976776 -0.04999999701976776 0.555555522441864
v  -0.04999999701976776 -0.04999999701976776 0.5777777433395386
v  -0.04999999701976776 -0.04999999701976776 0.5999999642372131
v  -0.04999999701976776 -0.04999999701976776 0.6222221851348877
v  -0.04999999701976776 -0.04999999701976776 0.6444444060325623
v  -0.04999999701976776 -0.04999999701976776 0.6666666269302368
v  -0.04999999701976776 -0.04999999701976776 0.6888888478279114
v  -0.04999999701976776 -0.04999999701976776 0.7111110687255859
v  -0.04999999701976776 -0.04999999701976776 0.7333332896232605
v  -0.04999999701976776 -0.04999999701976776 0.7555555105209351
v  -0.04999999701976776 -0.04999999701976776 0.7777777314186096
v  -0.04999999701976776 -0.04999999701976776 0.7999999523162842
v  -0.04999999701976776 -0.04999999701976776 0.8222221732139587
v  -0.04999999701976776 -0.04999999701976776 0.8444443941116333
v  -0.04999999701976776 -0.04999999701976776 0.8666666150093079
v  -0.04999999701976776 -0.04999999701976776 0.8888888359069824
v  -0.04999999701976776 -0.04999999701976776 0.911111056804657
v  -0.04999999701976776 -0.04999999701976776 0.9333332777023315
v  -0.04999999701976776 -0.04999999701976776 0.9555554986000061
v  -0.04999999701976776 -0.04999999701976776 0.9777777194976807
v  0.04999999701976776 -0.04999999701976776 0.9777777194976807
v  0.04999999701976776 -0.04999999701976776 0.9555554986000061
v  0.04999999701976776 -0.04999999701976776 0.9333332777023315
v  0.04999999701976776 -0.04999999701976776 0.911111056804657
v  0.04999999701976776 -0.04999999701976776 0.8888888359069824
v  0.04999999701976776 -0.04999999701976776 0.8666666150093079
v  0.04999999701976776 -0.04999999701976776 0.8444443941116333
v  0.04999999701976776 -0.04999999701976776 0.8222221732139587
v  0.04999999701976776 -0.04999999701976776 0.7999999523162842
v  0.04999999701976776 -0.04999999701976776 0.7777777314186096
v  0.04999999701976776 -0.04999999701976776 0.7555555105209351
v  0.04999999701976776 -0.04999999701976776 0.7333332896232605
v  0.04999999701976776 -0.04999999701976776 0.7111110687255859
v  0.04999999701976776 -0.04999999701976776 0.6888888478279114
v  0.04999999701976776 -0.04999999701976776 0.6666666269302368
v  0.04999999701976776 -0.04999999701976776 0.6444444060325623
v  0.04999999701976776 -0.04999999701976776 0.6222221851348877
v  0.04999999701976776 -0.04999999701976776 0.5999999642372131
v  0.04999999701976776 -0.04999999701976776 0.5777777433395386
v  0.04999999701976776 -0.04999999701976776 0.555555522441864
v  0.04999999701976776 -0.04999999701976776 0.5333333015441895
v  0.04999999701976776 -0.04999999701976776 0.5111110806465149
v  0.04999999701976776 -0.04999999701976776 0.4888888895511627
v  0.04999999701976776 -0.04999999701976776 0.46666666865348816
v  0.04999999701976776 -0.04999999701976776 0.4444444477558136
v  0.04999999701976776 -0.04999999701976776 0.42222222685813904
v  0.04999999701976776 -0.04999999701976776 0.4000000059604645
v  0.04999999701976776 -0.04999999701976776 0.3777777850627899
v  0.04999999701976776 -0.04999999701976776 0.35555556416511536
v  0.04999999701976776 -0.04999999701976776 0.3333333432674408
v  0.04999999701976776 -0.04999999701976776 0.31111112236976624
v  0.04999999701976776 -0.04999999701976776 0.2888889014720917
v  0.04999999701976776 -0.04999999701976776 0.2666666805744171
v  0.04999999701976776 -0.04999999701976776 0.24444447457790375
v  0.04999999701976776 -0.04999999701976776 0.2222222536802292
v  0.04999999701976776 -0.04999999701976776 0.20000003278255463
v  0.04999999701976776 -0.04999999701976776 0.17777781188488007
v  0.04999999701976776 -0.04999999701976776 0.1555555909872055
v  0.04999999701976776 -0.04999999701976776 0.13333335518836975
v  0.04999999701976776 -0.04999999701976776 0.11111113429069519
v  0.04999999701976776 -0.04999999701976776 0.08888890594244003
v  0.04999999701976776 -0.04999999701976776 0.06666667759418488
v  0.04999999701976776 -0.04999999701976776 0.044444452971220016
v  0.04999999701976776 -0.04999999701976776 0.022222226485610008
v  -0.04999999701976776 0.04999999701976776 0.9777777194976807
v  -0.04999999701976776 0.04999999701976776 0.9555554986000061
v  -0.04999999701976776 0.04999999701976776 0.9333332777023315
v  -0.04999999701976776 0.04999999701976776 0.911111056804657
v  -0.04999999701976776 0.04999999701976776 0.8888888359069824
v  -0.04999999701976776 0.04999999701976776 0.8666666150093079
v  -0.04999999701976776 0.04999999701976776 0.8444443941116333
v  -0.04999999701976776 0.04999999701976776 0.8222221732139587
v  -0.04999999701976776 0.04999999701976776 0.7999999523162842
v  -0.04999999701976776 0.04999999701976776 0.7777777314186096
v  -0.04999999701976776 0.04999999701976776 0.7555555105209351
v  -0.04999999701976776 0.04999999701976776 0.7333332896232605
v  -0.04999999701976776 0.04999999701976776 0.7111110687255859
v  -0.04999999701976776 0.04999999701976776 0.6888888478279114
v  -0.04999999701976776 0.04999999701976776 0.6666666269302368
v  -0.04999999701976776 0.04999999701976776 0.6444444060325623
v  -0.04999999701976776 0.04999999701976776 0.6222221851348877
v  -0.04999999701976776 0.04999999701976776 0.5999999642372131
v  -0.04999999701976776 0.04999999701976776 0.5777777433395386
v  -0.04999999701976776 0.04999999701976776 0.555555522441864
v  -0.04999999701976776 0.04999999701976776 0.5333333015441895
v  -0.04999999701976776 0.04999999701976776 0.5111110806465149
v  -0.04999999701976776 0.04999999701976776 0.4888888895511627
v  -0.04999999701976776 0.04999999701976776 0.46666666865348816
v  -0.04999999701976776 0.04999999701976776 0.4444444477558136
v  -0.04999999701976776 0.04999999701976776 0.42222222685813904
v  -0.04999999701976776 0.04999999701976776 0.4000000059604645
v  -0.04999999701976776 0.04999999701976776 0.3777777850627899
v  -0.04999999701976776 0.04999999701976776 0.35555556416511536
v  -0.04999999701976776 0.04999999701976776 0.3333333432674408
v  -0.04999999701976776 0.04999999701976776 0.31111112236976624
v  -0.04999999701976776 0.04999999701976776 0.2888889014720917
v  -0.04999999701976776 0.04999999701976776 0.2666666805744171
v  -0.04999999701976776 0.04999999701976776 0.24444447457790375
v  -0.04999999701976776 0.04999999701976776 0.2222222536802292
v  -0.04999999701976776 0.04999999701976776 0.20000003278255463
v  -0.04999999701976776 0.04999999701976776 0.17777781188488007
v  -0.04999999701976776 0.04999999701976776 0.1555555909872055
v  -0.04999999701976776 0.04999999701976776 0.13333335518836975
v  -0.04999999701976776 0.04999999701976776 0.11111113429069519
v  -0.04999999701976776 0.04999999701976776 0.08888890594244003
v  -0.04999999701976776 0.04999999701976776 0.06666667759418488
v  -0.04999999701976776 0.04999999701976776 0.044444452971220016
v  -0.04999999701976776 0.04999999701976776 0.022222226485610008
n  0.5773491859436035 0.5773491859436035 0.5773491859436035
n  0.5773491859436035 0.5773491859436035 -0.5773491859436035
n  0.5773491859436035 -0.5773491859436035 0.5773491859436035
n  0.5773491859436035 -0.5773491859436035 -0.5773491859436035
n  -0.5773491859436035 0.5773491859436035 0.5773491859436035
n  -0.5773491859436035 0.5773491859436035 -0.5773491859436035
n  -0.5773491859436035 -0.5773491859436035 0.5773491859436035
n  -0.5773491859436035 -0.5773491859436035 -0.5773491859436035
n  0.7070833444595337 0.7070833444595337 0.0
n  0.7070833444595337 0.7070833444595337 0.0
n  0.7070833444595337 0.7070833444595337 0.0
n  0.7070833444595337 0.7070833444595337 0.0
n  0.7070833444595337 0.7070833444595337 0.0
n  0.7070833444595337 0.7070833444595337 0.0
n  0.7070833444595337 0.7070833444595337 0.0
n  0.7070833444595337 0.7070833444595337 0.0
n  0.7070833444595337 0.7070833444595337 0.0
n  0.7070833444595337 0.7070833444595337 0.0
n  0.7070833444595337 0.7070833444595337 0.0
n  0.7070833444595337 0.7070833444595337 0.0
n  0.7070833444595337 0.7070833444595337 0.0
n  0.7070833444595337 0.7070833444595337 0.0
n  0.7070833444595337 0.7070833444595337 0.0
n  0.7070833444595337 0.7070833444595337 0.0
n  0.7070833444595337 0.7070833444595337 0.0
n  0.7070833444595337 0.7070833444595337 0.0
n  0.7070833444595337 0.7070833444595337 0.0
n  0.7070833444595337 0.7070833444595337 0.0
n  0.7070833444595337 0.7070833444595337 0.0
n  0.7070833444595337 0.7070833444595337 0.0
n  0.7070833444595337 0.7070833444595337 0.0
n  0.7070833444595337 0.7070833444595337 0.0
n  0.7070833444595337 0.7070833444595337 0.0
n  0.7070833444595337 0.7070833444595337 0.0
n  0.7070833444595337 0.7070833444595337 0.0
n  0.7070833444595337 0.7070833444595337 0.0
n  0.7070833444595337 0.7070833444595337 0.0
n  0.7070833444595337 0.7070833444595337 0.0
n  0.7070833444595337 0.7070833444595337 0.0
n  0.7070833444595337 0.7070833444595337 0.0
n  0.7070833444595337 0.7070833444595337 0.0
n  0.7070833444595337 0.7070833444595337 0.0
n  0.7070833444595337 0.7070833444595337 0.0
n  0.7070833444595337 0.7070833444595337 0.0
n  0.7070833444595337 0.7070833444595337 0.0
n  0.7070833444595337 0.7070833444595337 0.0
n  0.7070833444595337 0.7070833444595337 0.0
n  0.7070833444595337 0.7070833444595337 0.0
n  0.7070833444595337 0.7070833444595337 0.0
n  0.7070833444595337 0.7070833444595337 0.0
n  0.7070833444595337 0.7070833444595337 0.0
n  0.7070833444595337 0.7070833444595337 0.0
n  -0.7070833444595337 -0.7070833444595337 0.0
n  -0.7070833444595337 -0.7070833444595337 0.0
n  -0.7070833444595337 -0.7070833444595337 0.0
n  -0.7070833444595337 -0.7070833444595337 0.0
n  -0.7070833444595337 -0.7070833444595337 0.0
n  -0.7070833444595337 -0.7070833444595337 0.0
n  -0.7070833444595337 -0.7070833444595337 0.0
n  -0.7070833444595337 -0.7070833444595337 0.0
n  -0.7070833444595337 -0.7070833444595337 0.0
n  -0.7070833444595337 -0.7070833444595337 0.0
n  -0.7070833444595337 -0.7070833444595337 0.0
n  -0.7070833444595337 -0.7070833444595337 0.0
n  -0.7070833444595337 -0.7070833444595337 0.0
n  -0.7070833444595337 -0.7070833444595337 0.0
n  -0.7070833444595337 -0.7070833444595337 0.0
n  -0.7070833444595337 -0.7070833444595337 0.0
n  -0.7070833444595337 -0.7070833444595337 0.0
n  -0.7070833444595337 -0.7070833444595337 0.0
n  -0.7070833444595337 -0.7070833444595337 0.0
n  -0.7070833444595337 -0.7070833444595337 0.0
n  -0.7070833444595337 -0.7070833444595337 0.0
n  -0.7070833444595337 -0.7070833444595337 0.0
n  -0.7070833444595337 -0.7070833444595337 0.0
n  -0.7070833444595337 -0.7070833444595337 0.0
n  -0.7070833444595337 -0.7070833444595337 0.0
n  -0.7070833444595337 -0.7070833444595337 0.0
n  -0.7070833444595337 -0.7070833444595337 0.0
n  -0.7070833444595337 -0.7070833444595337 0.0
n  -0.7070833444595337 -0.7070833444595337 0.0
n  -0.7070833444595337 -0.7070833444595337 0.0
n  -0.7070833444595337 -0.7070833444595337 0.0
n  -0.7070833444595337 -0.7070833444595337 0.0
n  -0.7070833444595337 -0.7070833444595337 0.0
n  -0.7070833444595337 -0.7070833444595337 0.0
n  -0.7070833444595337 -0.7070833444595337 0.0
n  -0.7070833444595337 -0.7070833444595337 0.0
n  -0.7070833444595337 -0.7070833444595337 0.0
n  -0.7070833444595337 -0.7070833444595337 0.0
n  -0.7070833444595337 -0.7070833444595337 0.0
n  -0.7070833444595337 -0.7070833444595337 0.0
n  -0.7070833444595337 -0.7070833444595337 0.0
n  -0.7070833444595337 -0.7070833444595337 0.0
n  -0.7070833444595337 -0.7070833444595337 0.0
n  -0.7070833444595337 -0.7070833444595337 0.0
n  0.7070833444595337 -0.7070833444595337 0.0
n  0.7070833444595337 -0.7070833444595337 0.0
n  0.7070833444595337 -0.7070833444595337 0.0
n  0.7070833444595337 -0.7070833444595337 0.0
n  0.7070833444595337 -0.7070833444595337 0.0
n  0.7070833444595337 -0.7070833444595337 0.0
n  0.7070833444595337 -0.7070833444595337 0.0
n  0.7070833444595337 -0.7070833444595337 0.0
n  0.7070833444595337 -0.7070833444595337 0.0
n  0.7070833444595337 -0.7070833444595337 0.0
n  0.7070833444595337 -0.7070833444595337 0.0
n  0.7070833444595337 -0.7070833444595337 0.0
n  0.7070833444595337 -0.7070833444595337 0.0
n  0.7070833444595337 -0.7070833444595337 0.0
n  0.7070833444595337 -0.7070833444595337 0.0
n  0.7070833444595337 -0.7070833444595337 0.0
n  0.7070833444595337 -0.7070833444595337 0.0
n  0.7070833444595337 -0.7070833444595337 0.0
n  0.7070833444595337 -0.7070833444595337 0.0
n  0.7070833444595337 -0.7070833444595337 0.0
n  0.7070833444595337 -0.7070833444595337 0.0
n  0.7070833444595337 -0.7070833444595337 0.0
n  0.7070833444595337 -0.7070833444595337 0.0
n  0.7070833444595337 -0.7070833444595337 0.0
n  0.7070833444595337 -0.7070833444595337 0.0
n  0.7070833444595337 -0.7070833444595337 0.0
n  0.7070833444595337 -0.7070833444595337 0.0
n  0.7070833444595337 -0.7070833444595337 0.0
n  0.7070833444595337 -0.7070833444595337 0.0
n  0.7070833444595337 -0.7070833444595337 0.0
n  0.7070833444595337 -0.7070833444595337 0.0
n  0.7070833444595337 -0.7070833444595337 0.0
n  0.7070833444595337 -0.7070833444595337 0.0
n  0.7070833444595337 -0.7070833444595337 0.0
n  0.7070833444595337 -0.7070833444595337 0.0
n  0.7070833444595337 -0.7070833444595337 0.0
n  0.7070833444595337 -0.7070833444595337 0.0
n  0.7070833444595337 -0.7070833444595337 0.0
n  0.7070833444595337 -0.7070833444595337 0.0
n  0.7070833444595337 -0.7070833444595337 0.0
n  0.7070833444595337 -0.7070833444595337 0.0
n  0.7070833444595337 -0.7070833444595337 0.0
n  0.7070833444595337 -0.7070833444595337 0.0
n  0.7070833444595337 -0.7070833444595337 0.0
n  -0.7070833444595337 0.7070833444595337 0.0
n  -0.7070833444595337 0.7070833444595337 0.0
n  -0.7070833444595337 0.7070833444595337 0.0
n  -0.7070833444595337 0.7070833444595337 0.0
n  -0.7070833444595337 0.7070833444595337 0.0
n  -0.7070833444595337 0.7070833444595337 0.0
n  -0.7070833444595337 0.7070833444595337 0.0
n  -0.7070833444595337 0.7070833444595337 0.0
n  -0.7070833444595337 0.7070833444595337 0.0
n  -0.7070833444595337 0.7070833444595337 0.0
n  -0.7070833444595337 0.7070833444595337 0.0
n  -0.7070833444595337 0.7070833444595337 0.0
n  -0.7070833444595337 0.7070833444595337 0.0
n  -0.7070833444595337 0.7070833444595337 0.0
n  -0.7070833444595337 0.7070833444595337 0.0
n  -0.7070833444595337 0.7070833444595337 0.0
n  -0.7070833444595337 0.7070833444595337 0.0
n  -0.7070833444595337 0.7070833444595337 0.0
n  -0.7070833444595337 0.7070833444595337 0.0
n  -0.7070833444595337 0.7070833444595337 0.0
n  -0.7070833444595337 0.7070833444595337 0.0
n  -0.7070833444595337 0.7070833444595337 0.0
n  -0.7070833444595337 0.7070833444595337 0.0
n  -0.7070833444595337 0.7070833444595337 0.0
n  -0.7070833444595337 0.7070833444595337 0.0
n  -0.7070833444595337 0.7070833444595337 0.0
n  -0.7070833444595337 0.7070833444595337 0.0
n  -0.7070833444595337 0.7070833444595337 0.0
n  -0.7070833444595337 0.7070833444595337 0.0
n  -0.7070833444595337 0.7070833444595337 0.0
n  -0.7070833444595337 0.7070833444595337 0.0
n  -0.7070833444595337 0.7070833444595337 0.0
n  -0.7070833444595337 0.7070833444595337 0.0
n  -0.7070833444595337 0.7070833444595337 0.0
n  -0.7070833444595337 0.7070833444595337 0.0
n  -0.7070833444595337 0.7070833444595337 0.0
n  -0.7070833444595337 0.7070833444595337 0.0
n  -0.7070833444595337 0.7070833444595337 0.0
n  -0.7070833444595337 0.7070833444595337 0.0
n  -0.7070833444595337 0.7070833444595337 0.0
n  -0.7070833444595337 0.7070833444595337 0.0
n  -0.7070833444595337 0.7070833444595337 0.0
n  -0.7070833444595337 0.7070833444595337 0.0
n  -0.7070833444595337 0.7070833444595337 0.0
w 3 1.0 0 0.0 0 0.0 0 0.0 
w 0 1.0 0 0.0 0 0.0 0 0.0 
w 3 1.0 0 0.0 0 0.0 0 0.0 
w 0 1.0 0 0.0 0 0.0 0 0.0 
w 3 1.0 0 0.0 0 0.0 0 0.0 
w 0 1.0 0 0.0 0 0.0 0 0.0 
w 3 1.0 0 0.0 0 0.0 0 0.0 
w 0 1.0 0 0.0 0 0.0 0 0.0 
w 3 1.0 0 0.0 0 0.0 0 0.0 
w 3 1.0 0 0.0 0 0.0 0 0.0 
w 3 1.0 0 0.0 0 0.0 0 0.0 
w 3 0.9994305856769783 2 0.0005694143230217576 0 0.0 0 0.0 
w 3 0.9561534816864774 2 0.04384651831352254 0 0.0 0 0.0 
w 3 0.913007412911369 2 0.086992587088631 0 0.0 0 0.0 
w 3 0.8415987795655997 2 0.15840122043440027 0 0.0 0 0.0 
w 3 0.7289238342641499 2 0.2710761657358502 0 0.0 0 0.0 
w 3 0.5701195255557893 2 0.42988047444421074 0 0.0 0 0.0 
w 2 0.6360027676495038 3 0.36399723235049614 0 0.0 0 0.0 
w 2 0.7845511031344126 3 0.21544889686558738 0 0.0 0 0.0 
w 2 0.8804627205458121 3 0.11953727945418785 0 0.0 0 0.0 
w 2 0.9351799162732388 3 0.06482008372676117 0 0.0 0 0.0 
w 2 0.970859951975585 3 0.019364159063122978 1 0.00977588896129209 0 0.0 
w 2 0.9441979748936232 1 0.055802025106376746 0 0.0 0 0.0 
w 2 0.8974878428714276 1 0.10251215712857242 0 0.0 0 0.0 
w 2 0.810620151804822 1 0.1893798481951779 0 0.0 0 0.0 
w 2 0.6492035869236956 1 0.3507964130763044 0 0.0 0 0.0 
w 1 0.6507325888660043 2 0.3492674111339958 0 0.0 0 0.0 
w 1 0.8119229925580689 2 0.18807700744193118 0 0.0 0 0.0 
w 1 0.898631059219125 2 0.10136894078087501 0 0.0 0 0.0 
w 1 0.9452963475592409 2 0.05470365244075915 0 0.0 0 0.0 
w 1 0.9911135578934857 2 0.008886442106514342 0 0.0 0 0.0 
w 1 1.0 0 0.0 0 0.0 0 0.0 
w 1 0.9868375378668288 0 0.013162462133171154 0 0.0 0 0.0 
w 1 0.9414166867381761 0 0.05858331326182382 0 0.0 0 0.0 
w 1 0.8914436299514239 0 0.10855637004857611 0 0.0 0 0.0 
w 1 0.7986404788055462 0 0.2013595211944538 0 0.0 0 0.0 
w 1 0.6319264044956723 0 0.36807359550432767 0 0.0 0 0.0 
w 0 0.634471644153247 1 0.36552835584675303 0 0.0 0 0.0 
w 0 0.8004322959435022 1 0.19956770405649776 0 0.0 0 0.0 
w 0 0.8925415790210456 1 0.10745842097895443 0 0.0 0 0.0 
w 0 0.942135102674286 1 0.05786489732571398 0 0.0 0 0.0 
w 0 0.987444677106452 1 0.012555322893548045 0 0.0 0 0.0 
w 0 1.0 0 0.0 0 0.0 0 0.0 
w 0 1.0 0 0.0 0 0.0 0 0.0 
w 0 1.0 0 0.0 0 0.0 0 0.0 
w 0 1.0 0 0.0 0 0.0 0 0.0 
w 0 1.0 0 0.0 0 0.0 0 0.0 
w 0 1.0 0 0.0 0 0.0 0 0.0 
w 0 1.0 0 0.0 0 0.0 0 0.0 
w 0 1.0 0 0.0 0 0.0 0 0.0 
w 0 1.0 0 0.0 0 0.0 0 0.0 
w 0 1.0 0 0.0 0 0.0 0 0.0 
w 0 1.0 0 0.0 0 0.0 0 0.0 
w 0 1.0 0 0.0 0 0.0 0 0.0 
w 0 1.0 0 0.0 0 0.0 0 0.0 
w 0 1.0 0 0.0 0 0.0 0 0.0 
w 0 1.0 0 0.0 0 0.0 0 0.0 
w 0 1.0 0 0.0 0 0.0 0 0.0 
w 0 1.0 0 0.0 0 0.0 0 0.0 
w 0 1.0 0 0.0 0 0.0 0 0.0 
w 0 1.0 0 0.0 0 0.0 0 0.0 
w 0 1.0 0 0.0 0 0.0 0 0.0 
w 0 0.9874447220982179 1 0.012555277901782074 0 0.0 0 0.0 
w 0 0.942135130693543 1 0.057864869306456984 0 0.0 0 0.0 
w 0 0.8925416253323954 1 0.1074583746676045 0 0.0 0 0.0 
w 0 0.8004323793927953 1 0.19956762060720473 0 0.0 0 0.0 
w 0 0.6344717852181875 1 0.36552821478181247 0 0.0 0 0.0 
w 1 0.6319262443803051 0 0.36807375561969496 0 0.0 0 0.0 
w 1 0.7986403713443685 0 0.20135962865563153 0 0.0 0 0.0 
w 1 0.8914435768546254 0 0.10855642314537457 0 0.0 0 0.0 
w 1 0.9414166515200931 0 0.05858334847990685 0 0.0 0 0.0 
w 1 0.9868375000783919 0 0.013162499921608154 0 0.0 0 0.0 
w 1 1.0 0 0.0 0 0.0 0 0.0 
w 1 0.9911136035665984 2 0.008886396433401573 0 0.0 0 0.0 
w 1 0.9452963510989637 2 0.05470364890103632 0 0.0 0 0.0 
w 1 0.898631059219125 2 0.10136894078087501 0 0.0 0 0.0 
w 1 0.8119229925580689 2 0.18807700744193118 0 0.0 0 0.0 
w 1 0.6507325888660043 2 0.3492674111339958 0 0.0 0 0.0 
w 2 0.6492035869236956 1 0.3507964130763044 0 0.0 0 0.0 
w 2 0.810620151804822 1 0.1893798481951779 0 0.0 0 0.0 
w 2 0.8974878428714276 1 0.10251215712857242 0 0.0 0 0.0 
w 2 0.9441979748936232 1 0.055802025106376746 0 0.0 0 0.0 
w 2 0.970859951975585 3 0.019364159063122978 1 0.00977588896129209 0 0.0 
w 2 0.9351799162732388 3 0.06482008372676117 0 0.0 0 0.0 
w 2 0.8804627205458121 3 0.11953727945418785 0 0.0 0 0.0 
w 2 0.7845511031344126 3 0.21544889686558738 0 0.0 0 0.0 
w 2 0.6360027676495038 3 0.36399723235049614 0 0.0 0 0.0 
w 3 0.5701195255557893 2 0.42988047444421074 0 0.0 0 0.0 
w 3 0.7289238342641499 2 0.2710761657358502 0 0.0 0 0.0 
w 3 0.8415987795655997 2 0.15840122043440027 0 0.0 0 0.0 
w 3 0.913007412911369 2 0.086992587088631 0 0.0 0 0.0 
w 3 0.9561534816864774 2 0.04384651831352254 0 0.0 0 0.0 
w 3 0.9994305856769783 2 0.0005694143230217576 0 0.0 0 0.0 
w 3 1.0 0 0.0 0 0.0 0 0.0 
w 3 1.0 0 0.0 0 0.0 0 0.0 
w 3 1.0 0 0.0 0 0.0 0 0.0 
w 3 1.0 0 0.0 0 0.0 0 0.0 
w 3 1.0 0 0.0 0 0.0 0 0.0 
w 3 1.0 0 0.0 0 0.0 0 0.0 
w 3 0.9994265334347266 2 0.0005734665652732994 0 0.0 0 0.0 
w 3 0.9561516311281782 2 0.04384836887182176 0 0.0 0 0.0 
w 3 0.9130069494167443 2 0.08699305058325572 0 0.0 0 0.0 
w 3 0.8415985409011754 2 0.1584014590988246 0 0.0 0 0.0 
w 3 0.7289236930825421 2 0.2710763069174579 0 0.0 0 0.0 
w 3 0.5701194657843445 2 0.4298805342156555 0 0.0 0 0.0 
w 2 0.6360027866823398 3 0.3639972133176602 0 0.0 0 0.0 
w 2 0.7845511266596366 3 0.21544887334036344 0 0.0 0 0.0 
w 2 0.8804627343634248 3 0.11953726563657514 0 0.0 0 0.0 
w 2 0.9351799162732388 3 0.06482008372676117 0 0.0 0 0.0 
w 2 0.9708599594791024 3 0.01936415148405027 1 0.009775889036847327 0 0.0 
w 2 0.9441979748936232 1 0.055802025106376746 0 0.0 0 0.0 
w 2 0.8974878428714276 1 0.10251215712857242 0 0.0 0 0.0 
w 2 0.810620151804822 1 0.1893798481951779 0 0.0 0 0.0 
w 2 0.6492035869236956 1 0.3507964130763044 0 0.0 0 0.0 
w 1 0.6507325888660043 2 0.3492674111339958 0 0.0 0 0.0 
w 1 0.8119229925580689 2 0.18807700744193118 0 0.0 0 0.0 
w 1 0.8986310652799246 2 0.10136893472007537 0 0.0 0 0.0 
w 1 0.9452963543764247 2 0.054703645623575346 0 0.0 0 0.0 
w 1 0.9911135589855137 2 0.008886441014486355 0 0.0 0 0.0 
w 1 1.0 0 0.0 0 0.0 0 0.0 
w 1 0.9868375319220157 0 0.01316246807798423 0 0.0 0 0.0 
w 1 0.94141667967622 0 0.05858332032377996 0 0.0 0 0.0 
w 1 0.8914436296079401 0 0.10855637039205991 0 0.0 0 0.0 
w 1 0.7986404669893942 0 0.2013595330106058 0 0.0 0 0.0 
w 1 0.631926407604301 0 0.36807359239569903 0 0.0 0 0.0 
w 0 0.634471628115195 1 0.36552837188480497 0 0.0 0 0.0 
w 0 0.8004322720502216 1 0.19956772794977837 0 0.0 0 0.0 
w 0 0.8925415588233729 1 0.10745844117662708 0 0.0 0 0.0 
w 0 0.9421350920835823 1 0.057864907916417734 0 0.0 0 0.0 
w 0 0.9874446546105705 1 0.012555345389429493 0 0.0 0 0.0 
w 0 1.0 0 0.0 0 0.0 0 0.0 
w 0 1.0 0 0.0 0 0.0 0 0.0 
w 0 1.0 0 0.0 0 0.0 0 0.0 
w 0 1.0 0 0.0 0 0.0 0 0.0 
w 0 1.0 0 0.0 0 0.0 0 0.0 
w 0 1.0 0 0.0 0 0.0 0 0.0 
w 0 1.0 0 0.0 0 0.0 0 0.0 
w 0 1.0 0 0.0 0 0.0 0 0.0 
w 0 1.0 0 0.0 0 0.0 0 0.0 
w 0 1.0 0 0.0 0 0.0 0 0.0 
w 3 1.0 0 0.0 0 0.0 0 0.0 
w 3 1.0 0 0.0 0 0.0 0 0.0 
w 3 1.0 0 0.0 0 0.0 0 0.0 
w 3 0.9994265334347266 2 0.0005734665652732994 0 0.0 0 0.0 
w 3 0.9561516311281782 2 0.04384836887182176 0 0.0 0 0.0 
w 3 0.9130069494167443 2 0.08699305058325572 0 0.0 0 0.0 
w 3 0.8415985409011754 2 0.1584014590988246 0 0.0 0 0.0 
w 3 0.7289236930825421 2 0.2710763069174579 0 0.0 0 0.0 
w 3 0.5701194657843445 2 0.4298805342156555 0 0.0 0 0.0 
w 2 0.6360027866823398 3 0.3639972133176602 0 0.0 0 0.0 
w 2 0.7845511266596366 3 0.21544887334036344 0 0.0 0 0.0 
w 2 0.8804627343634248 3 0.11953726563657514 0 0.0 0 0.0 
w 2 0.9351799162732388 3 0.06482008372676117 0 0.0 0 0.0 
w 2 0.9708599594791024 3 0.01936415148405027 1 0.009775889036847327 0 0.0 
w 2 0.9441979748936232 1 0.055802025106376746 0 0.0 0 0.0 
w 2 0.8974878428714276 1 0.10251215712857242 0 0.0 0 0.0 
w 2 0.810620151804822 1 0.1893798481951779 0 0.0 0 0.0 
w 2 0.6492035869236956 1 0.3507964130763044 0 0.0 0 0.0 
w 1 0.6507325888660043 2 0.3492674111339958 0 0.0 0 0.0 
w 1 0.8119229925580689 2 0.18807700744193118 0 0.0 0 0.0 
w 1 0.898631059219125 2 0.10136894078087501 0 0.0 0 0.0 
w 1 0.9452963475592409 2 0.05470365244075915 0 0.0 0 0.0 
w 1 0.9911135584394997 2 0.008886441560500315 0 0.0 0 0.0 
w 1 1.0 0 0.0 0 0.0 0 0.0 
w 1 0.9868375454245166 0 0.013162454575483406 0 0.0 0 0.0 
w 1 0.9414166937848494 0 0.05858330621515064 0 0.0 0 0.0 
w 1 0.8914436366099915 0 0.10855636339000856 0 0.0 0 0.0 
w 1 0.7986404788055462 0 0.2013595211944538 0 0.0 0 0.0 
w 1 0.6319264044956723 0 0.36807359550432767 0 0.0 0 0.0 
w 0 0.634471644153247 1 0.36552835584675303 0 0.0 0 0.0 
w 0 0.8004322959435022 1 0.19956770405649776 0 0.0 0 0.0 
w 0 0.8925415790210456 1 0.10745842097895443 0 0.0 0 0.0 
w 0 0.942135102674286 1 0.05786489732571398 0 0.0 0 0.0 
w 0 0.987444677106452 1 0.012555322893548045 0 0.0 0 0.0 
w 0 1.0 0 0.0 0 0.0 0 0.0 
w 0 1.0 0 0.0 0 0.0 0 0.0 
w 0 1.0 0 0.0 0 0.0 0 0.0 
w 0 1.0 0 0.0 0 0.0 0 0.0 
w 0 1.0 0 0.0 0 0.0 0 0.0 
w 0 1.0 0 0.0 0 0.0 0 0.0 
w 0 1.0 0 0.0 0 0.0 0 0.0 
w 0 1.0 0 0.0 0 0.0 0 0.0 
w 0 1.0 0 0.0 0 0.0 0 0.0 
w 0 1.0 0 0.0 0 0.0 0 0.0 
f 4 2 0 
f 2 95 96 
f 6 140 95 
f 1 7 5 
f 0 96 8 
f 4 8 140 
f 183 1 5 
f 182 51 183 
f 181 50 182 
f 180 49 181 
f 179 48 180 
f 178 47 179 
f 177 46 178 
f 176 45 177 
f 175 44 176 
f 174 43 175 
f 173 42 174 
f 172 41 173 
f 171 40 172 
f 170 39 171 
f 169 38 170 
f 168 37 169 
f 167 36 168 
f 166 35 167 
f 165 34 166 
f 164 33 165 
f 163 32 164 
f 162 31 163 
f 161 30 162 
f 160 29 161 
f 159 28 160 
f 158 27 159 
f 157 26 158 
f 156 25 157 
f 155 24 156 
f 154 23 155 
f 153 22 154 
f 152 21 153 
f 151 20 152 
f 150 19 151 
f 149 18 150 
f 148 17 149 
f 147 16 148 
f 146 15 147 
f 145 14 146 
f 144 13 145 
f 143 12 144 
f 142 11 143 
f 141 10 142 
f 140 9 141 
f 51 3 1 
f 50 139 51 
f 49 138 50 
f 48 137 49 
f 47 136 48 
f 46 135 47 
f 45 134 46 
f 44 133 45 
f 43 132 44 
f 42 131 43 
f 41 130 42 
f 40 129 41 
f 39 128 40 
f 38 127 39 
f 37 126 38 
f 36 125 37 
f 35 124 36 
f 34 123 35 
f 33 122 34 
f 32 121 33 
f 31 120 32 
f 30 119 31 
f 29 118 30 
f 28 117 29 
f 27 116 28 
f 26 115 27 
f 25 114 26 
f 24 113 25 
f 23 112 24 
f 22 111 23 
f 21 110 22 
f 20 109 21 
f 19 108 20 
f 18 107 19 
f 17 106 18 
f 16 105 17 
f 15 104 16 
f 14 103 15 
f 13 102 14 
f 12 101 13 
f 11 100 12 
f 10 99 11 
f 9 98 10 
f 8 97 9 
f 52 5 7 
f 53 183 52 
f 54 182 53 
f 55 181 54 
f 56 180 55 
f 57 179 56 
f 58 178 57 
f 59 177 58 
f 60 176 59 
f 61 175 60 
f 62 174 61 
f 63 173 62 
f 64 172 63 
f 65 171 64 
f 66 170 65 
f 67 169 66 
f 68 168 67 
f 69 167 68 
f 70 166 69 
f 71 165 70 
f 72 164 71 
f 73 163 72 
f 74 162 73 
f 75 161 74 
f 76 160 75 
f 77 159 76 
f 78 158 77 
f 79 157 78 
f 80 156 79 
f 81 155 80 
f 82 154 81 
f 83 153 82 
f 84 152 83 
f 85 151 84 
f 86 150 85 
f 87 149 86 
f 88 148 87 
f 89 147 88 
f 90 146 89 
f 91 145 90 
f 92 144 91 
f 93 143 92 
f 94 142 93 
f 95 141 94 
f 139 7 3 
f 138 52 139 
f 138 54 53 
f 136 54 137 
f 135 55 136 
f 134 56 135 
f 133 57 134 
f 132 58 133 
f 131 59 132 
f 130 60 131 
f 129 61 130 
f 128 62 129 
f 127 63 128 
f 126 64 127 
f 125 65 126 
f 124 66 125 
f 123 67 124 
f 122 68 123 
f 121 69 122 
f 120 70 121 
f 119 71 120 
f 118 72 119 
f 117 73 118 
f 116 74 117 
f 115 75 116 
f 114 76 115 
f 113 77 114 
f 112 78 113 
f 111 79 112 
f 110 80 111 
f 109 81 110 
f 108 82 109 
f 107 83 108 
f 106 84 107 
f 105 85 106 
f 104 86 105 
f 103 87 104 
f 102 88 103 
f 101 89 102 
f 100 90 101 
f 99 91 100 
f 98 92 99 
f 97 93 98 
f 96 94 97 
f 4 6 2 
f 2 6 95 
f 6 4 140 
f 1 3 7 
f 0 2 96 
f 4 0 8 
f 183 51 1 
f 182 50 51 
f 181 49 50 
f 180 48 49 
f 179 47 48 
f 178 46 47 
f 177 45 46 
f 176 44 45 
f 175 43 44 
f 174 42 43 
f 173 41 42 
f 172 40 41 
f 171 39 40 
f 170 38 39 
f 169 37 38 
f 168 36 37 
f 167 35 36 
f 166 34 35 
f 165 33 34 
f 164 32 33 
f 163 31 32 
f 162 30 31 
f 161 29 30 
f 160 28 29 
f 159 27 28 
f 158 26 27 
f 157 25 26 
f 156 24 25 
f 155 23 24 
f 154 22 23 
f 153 21 22 
f 152 20 21 
f 151 19 20 
f 150 18 19 
f 149 17 18 
f 148 16 17 
f 147 15 16 
f 146 14 15 
f 145 13 14 
f 144 12 13 
f 143 11 12 
f 142 10 11 
f 141 9 10 
f 140 8 9 
f 51 139 3 
f 50 138 139 
f 49 137 138 
f 48 136 137 
f 47 135 136 
f 46 134 135 
f 45 133 134 
f 44 132 133 
f 43 131 132 
f 42 130 131 
f 41 129 130 
f 40 128 129 
f 39 127 128 
f 38 126 127 
f 37 125 126 
f 36 124 125 
f 35 123 124 
f 34 122 123 
f 33 121 122 
f 32 120 121 
f 31 119 120 
f 30 118 119 
f 29 117 118 
f 28 116 117 
f 27 115 116 
f 26 114 115 
f 25 113 114 
f 24 112 113 
f 23 111 112 
f 22 110 111 
f 21 109 110 
f 20 108 109 
f 19 107 108 
f 18 106 107 
f 17 105 106 
f 16 104 105 
f 15 103 104 
f 14 102 103 
f 13 101 102 
f 12 100 101 
f 11 99 100 
f 10 98 99 
f 9 97 98 
f 8 96 97 
f 52 183 5 
f 53 182 183 
f 54 181 182 
f 55 180 181 
f 56 179 180 
f 57 178 179 
f 58 177 178 
f 59 176 177 
f 60 175 176 
f 61 174 175 
f 62 173 174 
f 63 172 173 
f 64 171 172 
f 65 170 171 
f 66 169 170 
f 67 168 169 
f 68 167 168 
f 69 166 167 
f 70 165 166 
f 71 164 165 
f 72 163 164 
f 73 162 163 
f 74 161 162 
f 75 160 161 
f 76 159 160 
f 77 158 159 
f 78 157 158 
f 79 156 157 
f 80 155 156 
f 81 154 155 
f 82 153 154 
f 83 152 153 
f 84 151 152 
f 85 150 151 
f 86 149 150 
f 87 148 149 
f 88 147 148 
f 89 146 147 
f 90 145 146 
f 91 144 145 
f 92 143 144 
f 93 142 143 
f 94 141 142 
f 95 140 141 
f 139 52 7 
f 138 53 52 
f 138 137 54 
f 136 55 54 
f 135 56 55 
f 134 57 56 
f 133 58 57 
f 132 59 58 
f 131 60 59 
f 130 61 60 
f 129 62 61 
f 128 63 62 
f 127 64 63 
f 126 65 64 
f 125 66 65 
f 124 67 66 
f 123 68 67 
f 122 69 68 
f 121 70 69 
f 120 71 70 
f 119 72 71 
f 118 73 72 
f 117 74 73 
f 116 75 74 
f 115 76 75 
f 114 77 76 
f 113 78 77 
f 112 79 78 
f 111 80 79 
f 110 81 80 
f 109 82 81 
f 108 83 82 
f 107 84 83 
f 106 85 84 
f 105 86 85 
f 104 87 86 
f 103 88 87 
f 102 89 88 
f 101 90 89 
f 100 91 90 
f 99 92 91 
f 98 93 92 
f 97 94 93 
f 96 95 94 
b 0 1.0 0.0 0.0 0.0 0.0 0.0 -1.0 0.0 0.0 1.0 0.0 0.0 0.0 0.0 0.0 1.0 
b 0 1.0 0.0 0.0 0.0 0.0 0.0 -1.0 0.0 0.0 1.0 0.0 0.3936135768890381 0.0 0.0 0.0 1.0 
b 1 1.0 0.0 0.0 0.0 0.0 0.0 -1.0 0.0 0.0 1.0 0.0 0.5872063636779785 0.0 0.0 0.0 1.0 
b 2 1.0 0.0 2.3841855067985307e-07 0.0 2.3841855067985307e-07 0.0 -1.0 0.0 0.0 1.0 0.0 0.8849857449531555 0.0 0.0 0.0 1.0 
s 0.0 0.0 0.0 0.7071068286895752 0.7071068286895752 0.0 0.0
s 0.0 0.0 0.0 0.7071068286895752 0.7071068286895752 0.0 0.0
s 0.0 0.0 0.0 0.7071068286895752 0.7071068286895752 0.0 0.0
s 0.0 0.0 0.0 0.9893848896026611 0.1453188806772232 -9.371015339560963e-17 9.371015339560963e-17
s 0.0 0.0 0.0 0.9792670011520386 0.202573761343956 -8.623027675364782e-17 8.623027675364782e-17
s 0.0 0.0 0.0 0.9553818106651306 0.2953736484050751 -7.327562912688745e-17 7.327562912688745e-17
s 0.0 0.0 0.0 0.7071068286895752 0.7071068286895752 0.0 0.0
s 0.0 0.3936135768890381 0.0 1.0 0.0 0.0 0.0
s 0.0 0.3936135768890381 0.0 0.9085114002227783 -0.4154573976993561 -0.044209543615579605 0.006905919872224331
s -7.214250749297556e-18 0.3611234724521637 -0.06498019397258759 0.7567493915557861 -0.6521720290184021 -0.040533874183893204 0.018952086567878723
s 2.4412947032108254e-17 0.447874516248703 -0.044381819665431976 0.9979764819145203 -0.045174866914749146 -0.043580472469329834 -0.010144863277673721
s 2.4412947032108254e-17 0.447874516248703 -0.044381819665431976 0.8963270783424377 0.4411299228668213 -0.0333046093583107 -0.02988276816904545
s 2.4412947032108254e-17 0.447874516248703 -0.044381819665431976 0.8963270783424377 0.4411299228668213 -0.0333046093583107 -0.02988276816904545
s 0.0 0.3936135768890381 0.0 1.0 0.0 0.0 0.0
s 0.0 0.19359278678894043 0.0 1.0 0.0 0.0 0.0
s 0.0 0.19359278678894043 0.0 0.7830951809883118 -0.6183260679244995 -0.06579715013504028 0.010278106667101383
s 0.0 0.19359278678894043 0.0 0.7830951809883118 -0.6183260679244995 -0.06579715013504028 0.010278106667101383
s 0.0 0.19359278678894043 0.0 0.9843005537986755 -0.1675831377506256 -0.027729112654924393 -0.04795388504862785
s 0.0 0.19359278678894043 0.0 0.8824456334114075 0.45785871148109436 0.029977567493915558 -0.10371338576078415
s 0.0 0.19359278678894043 0.0 0.8810641765594482 0.4604569971561432 0.030229581519961357 -0.10388205200433731
s 0.0 0.19359278678894043 0.0 1.0 0.0 0.0 0.0
s 0.0 0.297779381275177 0.0 1.0 0.0 1.1920927533992653e-07 0.0
s 0.0 0.297779381275177 0.0 1.0 0.0 1.1920927533992653e-07 0.0
s 0.0031836088746786118 0.35683465003967285 0.10976243764162064 0.9408249855041504 0.33270585536956787 0.0522446371614933 -0.037758972495794296
s -0.01563347689807415 0.43149980902671814 0.04726853594183922 0.993079423904419 -0.11530056595802307 -0.018105443567037582 0.013085529208183289
s 0.044877201318740845 0.1950591802597046 0.25329941511154175 0.635542094707489 0.7579709887504578 0.1190236359834671 -0.08602256327867508
s 0.004528161603957415 0.3268336057662964 0.0800991803407669 0.972108006477356 -0.230252206325531 -0.03615625202655792 0.026131458580493927
s 0.0 0.297779381275177 0.0 1.0 0.0 1.1920927533992653e-07 0.0
