v  1.0 1.0 29.93633270263672
v  1.0 1.0 -0.13589954376220703
v  1.0 -1.0 29.93633270263672
v  1.0 -1.0 -0.13589954376220703
v  -1.0 1.0 29.93633270263672
v  -1.0 1.0 -0.13589954376220703
v  -1.0 -1.0 29.93633270263672
v  -1.0 -1.0 -0.13589954376220703
v  1.0 1.0 28.75748062133789
v  1.0 1.0 28.089208602905273
v  1.0 1.0 27.420936584472656
v  1.0 1.0 26.75266456604004
v  1.0 1.0 26.084392547607422
v  1.0 1.0 25.416122436523438
v  1.0 1.0 24.747848510742188
v  1.0 1.0 24.079578399658203
v  1.0 1.0 23.411304473876953
v  1.0 1.0 22.74303436279297
v  1.0 1.0 22.07476234436035
v  1.0 1.0 21.406490325927734
v  1.0 1.0 20.738218307495117
v  1.0 1.0 20.0699462890625
v  1.0 1.0 19.401674270629883
v  1.0 1.0 18.733402252197266
v  1.0 1.0 18.06513023376465
v  1.0 1.0 17.39685821533203
v  1.0 1.0 16.728588104248047
v  1.0 1.0 16.06031608581543
v  1.0 1.0 15.392043113708496
v  1.0 1.0 14.723771095275879
v  1.0 1.0 14.055500030517578
v  1.0 1.0 13.387228012084961
v  1.0 1.0 12.718955993652344
v  1.0 1.0 12.050683975219727
v  1.0 1.0 11.38241195678711
v  1.0 1.0 10.714139938354492
v  1.0 1.0 10.045867919921875
v  1.0 1.0 9.377595901489258
v  1.0 1.0 8.709324836730957
v  1.0 1.0 8.04105281829834
v  1.0 1.0 7.372781753540039
v  1.0 1.0 6.704509735107422
v  1.0 1.0 6.036237716674805
v  1.0 1.0 5.3679656982421875
v  1.0 1.0 4.699694633483887
v  1.0 1.0 4.0314226150512695
v  1.0 1.0 3.3631505966186523
v  1.0 1.0 2.694878578186035
v  1.0 1.0 2.0266075134277344
v  1.0 1.0 1.3583354949951172
v  1.0 1.0 0.6900625228881836
v  1.0 1.0 0.021790504455566406
v  -1.0 -1.0 0.021790504455566406
v  -1.0 -1.0 0.6900625228881836
v  -1.0 -1.0 1.3583345413208008
v  -1.0 -1.0 2.026606559753418
v  -1.0 -1.0 2.6948776245117188
v  -1.0 -1.0 3.363149642944336
v  -1.0 -1.0 4.031421661376953
v  -1.0 -1.0 4.69969367980957
v  -1.0 -1.0 5.3679656982421875
v  -1.0 -1.0 6.036236763000488
v  -1.0 -1.0 6.7045087814331055
v  -1.0 -1.0 7.372780799865723
v  -1.0 -1.0 8.041051864624023
v  -1.0 -1.0 8.70932388305664
v  -1.0 -1.0 9.377595901489258
v  -1.0 -1.0 10.045867919921875
v  -1.0 -1.0 10.714139938354492
v  -1.0 -1.0 11.382411003112793
v  -1.0 -1.0 12.05068302154541
v  -1.0 -1.0 12.718955039978027
v  -1.0 -1.0 13.387227058410645
v  -1.0 -1.0 14.055498123168945
v  -1.0 -1.0 14.723770141601562
v  -1.0 -1.0 15.39204216003418
v  -1.0 -1.0 16.060314178466797
v  -1.0 -1.0 16.728586196899414
v  -1.0 -1.0 17.39685821533203
v  -1.0 -1.0 18.06513023376465
v  -1.0 -1.0 18.733402252197266
v  -1.0 -1.0 19.401674270629883
v  -1.0 -1.0 20.0699462890625
v  -1.0 -1.0 20.738216400146484
v  -1.0 -1.0 21.4064884185791
v  -1.0 -1.0 22.07476043701172
v  -1.0 -1.0 22.74303436279297
v  -1.0 -1.0 23.411304473876953
v  -1.0 -1.0 24.07957649230957
v  -1.0 -1.0 24.747848510742188
v  -1.0 -1.0 25.416120529174805
v  -1.0 -1.0 26.084392547607422
v  -1.0 -1.0 26.752662658691406
v  -1.0 -1.0 27.420936584472656
v  -1.0 -1.0 28.08920669555664
v  -1.0 -1.0 28.75748062133789
v  1.0 -1.0 28.75748062133789
v  1.0 -1.0 28.089208602905273
v  1.0 -1.0 27.420936584472656
v  1.0 -1.0 26.75266456604004
v  1.0 -1.0 26.084392547607422
v  1.0 -1.0 25.416122436523438
v  1.0 -1.0 24.747848510742188
v  1.0 -1.0 24.079578399658203
v  1.0 -1.0 23.411304473876953
v  1.0 -1.0 22.74303436279297
v  1.0 -1.0 22.07476234436035
v  1.0 -1.0 21.406490325927734
v  1.0 -1.0 20.738218307495117
v  1.0 -1.0 20.0699462890625
v  1.0 -1.0 19.401674270629883
v  1.0 -1.0 18.733402252197266
v  1.0 -1.0 18.06513023376465
v  1.0 -1.0 17.39685821533203
v  1.0 -1.0 16.728588104248047
v  1.0 -1.0 16.06031608581543
v  1.0 -1.0 15.392043113708496
v  1.0 -1.0 14.723771095275879
v  1.0 -1.0 14.055500030517578
v  1.0 -1.0 13.387228012084961
v  1.0 -1.0 12.718955993652344
v  1.0 -1.0 12.050683975219727
v  1.0 -1.0 11.38241195678711
v  1.0 -1.0 10.714139938354492
v  1.0 -1.0 10.045867919921875
v  1.0 -1.0 9.377595901489258
v  1.0 -1.0 8.709324836730957
v  1.0 -1.0 8.04105281829834
v  1.0 -1.0 7.372781753540039
v  1.0 -1.0 6.704509735107422
v  1.0 -1.0 6.036237716674805
v  1.0 -1.0 5.3679656982421875
v  1.0 -1.0 4.699694633483887
v  1.0 -1.0 4.0314226150512695
v  1.0 -1.0 3.3631505966186523
v  1.0 -1.0 2.694878578186035
v  1.0 -1.0 2.0266075134277344
v  1.0 -1.0 1.3583354949951172
v  1.0 -1.0 0.6900625228881836
v  1.0 -1.0 0.021790504455566406
v  -1.0 1.0 28.75748062133789
v  -1.0 1.0 28.089208602905273
v  -1.0 1.0 27.420936584472656
v  -1.0 1.0 26.75266456604004
v  -1.0 1.0 26.084392547607422
v  -1.0 1.0 25.416122436523438
v  -1.0 1.0 24.747848510742188
v  -1.0 1.0 24.079578399658203
v  -1.0 1.0 23.411304473876953
v  -1.0 1.0 22.74303436279297
v  -1.0 1.0 22.07476234436035
v  -1.0 1.0 21.406490325927734
v  -1.0 1.0 20.738218307495117
v  -1.0 1.0 20.0699462890625
v  -1.0 1.0 19.401674270629883
v  -1.0 1.0 18.733402252197266
v  -1.0 1.0 18.06513023376465
v  -1.0 1.0 17.39685821533203
v  -1.0 1.0 16.728588104248047
v  -1.0 1.0 16.06031608581543
v  -1.0 1.0 15.392043113708496
v  -1.0 1.0 14.723771095275879
v  -1.0 1.0 14.055500030517578
v  -1.0 1.0 13.387228012084961
v  -1.0 1.0 12.718955993652344
v  -1.0 1.0 12.050683975219727
v  -1.0 1.0 11.38241195678711
v  -1.0 1.0 10.714139938354492
v  -1.0 1.0 10.045867919921875
v  -1.0 1.0 9.377595901489258
v  -1.0 1.0 8.709324836730957
v  -1.0 1.0 8.04105281829834
v  -1.0 1.0 7.372781753540039
v  -1.0 1.0 6.704509735107422
v  -1.0 1.0 6.036237716674805
v  -1.0 1.0 5.3679656982421875
v  -1.0 1.0 4.699694633483887
v  -1.0 1.0 4.0314226150512695
v  -1.0 1.0 3.3631505966186523
v  -1.0 1.0 2.694878578186035
v  -1.0 1.0 2.0266075134277344
v  -1.0 1.0 1.3583354949951172
v  -1.0 1.0 0.6900625228881836
v  -1.0 1.0 0.021790504455566406
n  0.5773491859436035 0.5773491859436035 0.5773491859436035
n  0.5773491859436035 0.5773491859436035 -0.5773491859436035
n  0.5773491859436035 -0.5773491859436035 0.5773491859436035
n  0.5773491859436035 -0.5773491859436035 -0.5773491859436035
n  -0.5773491859436035 0.5773491859436035 0.5773491859436035
n  -0.5773491859436035 0.5773491859436035 -0.5773491859436035
n  -0.5773491859436035 -0.5773491859436035 0.5773491859436035
n  -0.5773491859436035 -0.5773491859436035 -0.5773491859436035
n  0.7070833444595337 0.7070833444595337 0.0
n  0.7070833444595337 0.7070833444595337 0.0
n  0.7070833444595337 0.7070833444595337 0.0
n  0.7070833444595337 0.7070833444595337 0.0
n  0.7070833444595337 0.7070833444595337 0.0
n  0.7070833444595337 0.7070833444595337 0.0
n  0.7070833444595337 0.7070833444595337 0.0
n  0.7070833444595337 0.7070833444595337 0.0
n  0.7070833444595337 0.7070833444595337 0.0
n  0.7070833444595337 0.7070833444595337 0.0
n  0.7070833444595337 0.7070833444595337 0.0
n  0.7070833444595337 0.7070833444595337 0.0
n  0.7070833444595337 0.7070833444595337 0.0
n  0.7070833444595337 0.7070833444595337 0.0
n  0.7070833444595337 0.7070833444595337 0.0
n  0.7070833444595337 0.7070833444595337 0.0
n  0.7070833444595337 0.7070833444595337 0.0
n  0.7070833444595337 0.7070833444595337 0.0
n  0.7070833444595337 0.7070833444595337 0.0
n  0.7070833444595337 0.7070833444595337 0.0
n  0.7070833444595337 0.7070833444595337 0.0
n  0.7070833444595337 0.7070833444595337 0.0
n  0.7070833444595337 0.7070833444595337 0.0
n  0.7070833444595337 0.7070833444595337 0.0
n  0.7070833444595337 0.7070833444595337 0.0
n  0.7070833444595337 0.7070833444595337 0.0
n  0.7070833444595337 0.7070833444595337 0.0
n  0.7070833444595337 0.7070833444595337 0.0
n  0.7070833444595337 0.7070833444595337 0.0
n  0.7070833444595337 0.7070833444595337 0.0
n  0.7070833444595337 0.7070833444595337 0.0
n  0.7070833444595337 0.7070833444595337 0.0
n  0.7070833444595337 0.7070833444595337 0.0
n  0.7070833444595337 0.7070833444595337 0.0
n  0.7070833444595337 0.7070833444595337 0.0
n  0.7070833444595337 0.7070833444595337 0.0
n  0.7070833444595337 0.7070833444595337 0.0
n  0.7070833444595337 0.7070833444595337 0.0
n  0.7070833444595337 0.7070833444595337 0.0
n  0.7070833444595337 0.7070833444595337 0.0
n  0.7070833444595337 0.7070833444595337 0.0
n  0.7070833444595337 0.7070833444595337 0.0
n  0.7070833444595337 0.7070833444595337 0.0
n  0.7070833444595337 0.7070833444595337 0.0
n  -0.7070833444595337 -0.7070833444595337 0.0
n  -0.7070833444595337 -0.7070833444595337 0.0
n  -0.7070833444595337 -0.7070833444595337 0.0
n  -0.7070833444595337 -0.7070833444595337 0.0
n  -0.7070833444595337 -0.7070833444595337 0.0
n  -0.7070833444595337 -0.7070833444595337 0.0
n  -0.7070833444595337 -0.7070833444595337 0.0
n  -0.7070833444595337 -0.7070833444595337 0.0
n  -0.7070833444595337 -0.7070833444595337 0.0
n  -0.7070833444595337 -0.7070833444595337 0.0
n  -0.7070833444595337 -0.7070833444595337 0.0
n  -0.7070833444595337 -0.7070833444595337 0.0
n  -0.7070833444595337 -0.7070833444595337 0.0
n  -0.7070833444595337 -0.7070833444595337 0.0
n  -0.7070833444595337 -0.7070833444595337 0.0
n  -0.7070833444595337 -0.7070833444595337 0.0
n  -0.7070833444595337 -0.7070833444595337 0.0
n  -0.7070833444595337 -0.7070833444595337 0.0
n  -0.7070833444595337 -0.7070833444595337 0.0
n  -0.7070833444595337 -0.7070833444595337 0.0
n  -0.7070833444595337 -0.7070833444595337 0.0
n  -0.7070833444595337 -0.7070833444595337 0.0
n  -0.7070833444595337 -0.7070833444595337 0.0
n  -0.7070833444595337 -0.7070833444595337 0.0
n  -0.7070833444595337 -0.7070833444595337 0.0
n  -0.7070833444595337 -0.7070833444595337 0.0
n  -0.7070833444595337 -0.7070833444595337 0.0
n  -0.7070833444595337 -0.7070833444595337 0.0
n  -0.7070833444595337 -0.7070833444595337 0.0
n  -0.7070833444595337 -0.7070833444595337 0.0
n  -0.7070833444595337 -0.7070833444595337 0.0
n  -0.7070833444595337 -0.7070833444595337 0.0
n  -0.7070833444595337 -0.7070833444595337 0.0
n  -0.7070833444595337 -0.7070833444595337 0.0
n  -0.7070833444595337 -0.7070833444595337 0.0
n  -0.7070833444595337 -0.7070833444595337 0.0
n  -0.7070833444595337 -0.7070833444595337 0.0
n  -0.7070833444595337 -0.7070833444595337 0.0
n  -0.7070833444595337 -0.7070833444595337 0.0
n  -0.7070833444595337 -0.7070833444595337 0.0
n  -0.7070833444595337 -0.7070833444595337 0.0
n  -0.7070833444595337 -0.7070833444595337 0.0
n  -0.7070833444595337 -0.7070833444595337 0.0
n  -0.7070833444595337 -0.7070833444595337 0.0
n  0.7070833444595337 -0.7070833444595337 0.0
n  0.7070833444595337 -0.7070833444595337 0.0
n  0.7070833444595337 -0.7070833444595337 0.0
n  0.7070833444595337 -0.7070833444595337 0.0
n  0.7070833444595337 -0.7070833444595337 0.0
n  0.7070833444595337 -0.7070833444595337 0.0
n  0.7070833444595337 -0.7070833444595337 0.0
n  0.7070833444595337 -0.7070833444595337 0.0
n  0.7070833444595337 -0.7070833444595337 0.0
n  0.7070833444595337 -0.7070833444595337 0.0
n  0.7070833444595337 -0.7070833444595337 0.0
n  0.7070833444595337 -0.7070833444595337 0.0
n  0.7070833444595337 -0.7070833444595337 0.0
n  0.7070833444595337 -0.7070833444595337 0.0
n  0.7070833444595337 -0.7070833444595337 0.0
n  0.7070833444595337 -0.7070833444595337 0.0
n  0.7070833444595337 -0.7070833444595337 0.0
n  0.7070833444595337 -0.7070833444595337 0.0
n  0.7070833444595337 -0.7070833444595337 0.0
n  0.7070833444595337 -0.7070833444595337 0.0
n  0.7070833444595337 -0.7070833444595337 0.0
n  0.7070833444595337 -0.7070833444595337 0.0
n  0.7070833444595337 -0.7070833444595337 0.0
n  0.7070833444595337 -0.7070833444595337 0.0
n  0.7070833444595337 -0.7070833444595337 0.0
n  0.7070833444595337 -0.7070833444595337 0.0
n  0.7070833444595337 -0.7070833444595337 0.0
n  0.7070833444595337 -0.7070833444595337 0.0
n  0.7070833444595337 -0.7070833444595337 0.0
n  0.7070833444595337 -0.7070833444595337 0.0
n  0.7070833444595337 -0.7070833444595337 0.0
n  0.7070833444595337 -0.7070833444595337 0.0
n  0.7070833444595337 -0.7070833444595337 0.0
n  0.7070833444595337 -0.7070833444595337 0.0
n  0.7070833444595337 -0.7070833444595337 0.0
n  0.7070833444595337 -0.7070833444595337 0.0
n  0.7070833444595337 -0.7070833444595337 0.0
n  0.7070833444595337 -0.7070833444595337 0.0
n  0.7070833444595337 -0.7070833444595337 0.0
n  0.7070833444595337 -0.7070833444595337 0.0
n  0.7070833444595337 -0.7070833444595337 0.0
n  0.7070833444595337 -0.7070833444595337 0.0
n  0.7070833444595337 -0.7070833444595337 0.0
n  0.7070833444595337 -0.7070833444595337 0.0
n  -0.7070833444595337 0.7070833444595337 0.0
n  -0.7070833444595337 0.7070833444595337 0.0
n  -0.7070833444595337 0.7070833444595337 0.0
n  -0.7070833444595337 0.7070833444595337 0.0
n  -0.7070833444595337 0.7070833444595337 0.0
n  -0.7070833444595337 0.7070833444595337 0.0
n  -0.7070833444595337 0.7070833444595337 0.0
n  -0.7070833444595337 0.7070833444595337 0.0
n  -0.7070833444595337 0.7070833444595337 0.0
n  -0.7070833444595337 0.7070833444595337 0.0
n  -0.7070833444595337 0.7070833444595337 0.0
n  -0.7070833444595337 0.7070833444595337 0.0
n  -0.7070833444595337 0.7070833444595337 0.0
n  -0.7070833444595337 0.7070833444595337 0.0
n  -0.7070833444595337 0.7070833444595337 0.0
n  -0.7070833444595337 0.7070833444595337 0.0
n  -0.7070833444595337 0.7070833444595337 0.0
n  -0.7070833444595337 0.7070833444595337 0.0
n  -0.7070833444595337 0.7070833444595337 0.0
n  -0.7070833444595337 0.7070833444595337 0.0
n  -0.7070833444595337 0.7070833444595337 0.0
n  -0.7070833444595337 0.7070833444595337 0.0
n  -0.7070833444595337 0.7070833444595337 0.0
n  -0.7070833444595337 0.7070833444595337 0.0
n  -0.7070833444595337 0.7070833444595337 0.0
n  -0.7070833444595337 0.7070833444595337 0.0
n  -0.7070833444595337 0.7070833444595337 0.0
n  -0.7070833444595337 0.7070833444595337 0.0
n  -0.7070833444595337 0.7070833444595337 0.0
n  -0.7070833444595337 0.7070833444595337 0.0
n  -0.7070833444595337 0.7070833444595337 0.0
n  -0.7070833444595337 0.7070833444595337 0.0
n  -0.7070833444595337 0.7070833444595337 0.0
n  -0.7070833444595337 0.7070833444595337 0.0
n  -0.7070833444595337 0.7070833444595337 0.0
n  -0.7070833444595337 0.7070833444595337 0.0
n  -0.7070833444595337 0.7070833444595337 0.0
n  -0.7070833444595337 0.7070833444595337 0.0
n  -0.7070833444595337 0.7070833444595337 0.0
n  -0.7070833444595337 0.7070833444595337 0.0
n  -0.7070833444595337 0.7070833444595337 0.0
n  -0.7070833444595337 0.7070833444595337 0.0
n  -0.7070833444595337 0.7070833444595337 0.0
n  -0.7070833444595337 0.7070833444595337 0.0
w 4 1.0 0 0.0 0 0.0 0 0.0 
w 0 1.0 0 0.0 0 0.0 0 0.0 
w 4 1.0 0 0.0 0 0.0 0 0.0 
w 0 1.0 0 0.0 0 0.0 0 0.0 
w 4 1.0 0 0.0 0 0.0 0 0.0 
w 0 1.0 0 0.0 0 0.0 0 0.0 
w 4 1.0 0 0.0 0 0.0 0 0.0 
w 0 1.0 0 0.0 0 0.0 0 0.0 
w 4 0.9628233174787257 3 0.03717668252127432 0 0.0 0 0.0 
w 4 0.8870718228252675 3 0.11292817717473248 0 0.0 0 0.0 
w 4 0.7161809035252419 3 0.28381909647475806 0 0.0 0 0.0 
w 3 0.7114303178447402 4 0.28856968215525974 0 0.0 0 0.0 
w 3 0.8829397632200732 4 0.11706023677992684 0 0.0 0 0.0 
w 3 0.915079012725386 4 0.04251454278390985 2 0.0424064444907041 0 0.0 
w 3 0.8830646708367877 2 0.11693532916321221 0 0.0 0 0.0 
w 3 0.7117068193969053 2 0.2882931806030947 0 0.0 0 0.0 
w 2 0.7157012572133045 3 0.28429874278669554 0 0.0 0 0.0 
w 2 0.8860799535644699 3 0.11392004643553011 0 0.0 0 0.0 
w 2 0.9584973674162336 3 0.04150263258376636 0 0.0 0 0.0 
w 2 1.0 0 0.0 0 0.0 0 0.0 
w 2 1.0 0 0.0 0 0.0 0 0.0 
w 2 0.9575772813869323 1 0.04242271861306769 0 0.0 0 0.0 
w 2 0.8850258148828382 1 0.11497418511716187 0 0.0 0 0.0 
w 2 0.7135795933700565 1 0.2864204066299435 0 0.0 0 0.0 
w 1 0.713835935333028 2 0.28616406466697203 0 0.0 0 0.0 
w 1 0.8852178430734623 2 0.11478215692653773 0 0.0 0 0.0 
w 1 0.9577511174441621 2 0.04224888255583792 0 0.0 0 0.0 
w 1 1.0 0 0.0 0 0.0 0 0.0 
w 1 1.0 0 0.0 0 0.0 0 0.0 
w 1 1.0 0 0.0 0 0.0 0 0.0 
w 1 1.0 0 0.0 0 0.0 0 0.0 
w 1 1.0 0 0.0 0 0.0 0 0.0 
w 1 0.957691936627138 0 0.04230806337286202 0 0.0 0 0.0 
w 1 0.8851497143249882 0 0.11485028567501175 0 0.0 0 0.0 
w 1 0.7136989267404983 0 0.28630107325950177 0 0.0 0 0.0 
w 0 0.713716631901331 1 0.28628336809866906 0 0.0 0 0.0 
w 0 0.8851629442635682 1 0.11483705573643171 0 0.0 0 0.0 
w 0 0.9577038997982542 1 0.04229610020174578 0 0.0 0 0.0 
w 0 1.0 0 0.0 0 0.0 0 0.0 
w 0 1.0 0 0.0 0 0.0 0 0.0 
w 0 1.0 0 0.0 0 0.0 0 0.0 
w 0 1.0 0 0.0 0 0.0 0 0.0 
w 0 1.0 0 0.0 0 0.0 0 0.0 
w 0 1.0 0 0.0 0 0.0 0 0.0 
w 0 1.0 0 0.0 0 0.0 0 0.0 
w 0 1.0 0 0.0 0 0.0 0 0.0 
w 0 1.0 0 0.0 0 0.0 0 0.0 
w 0 1.0 0 0.0 0 0.0 0 0.0 
w 0 1.0 0 0.0 0 0.0 0 0.0 
w 0 1.0 0 0.0 0 0.0 0 0.0 
w 0 1.0 0 0.0 0 0.0 0 0.0 
w 0 1.0 0 0.0 0 0.0 0 0.0 
w 0 1.0 0 0.0 0 0.0 0 0.0 
w 0 1.0 0 0.0 0 0.0 0 0.0 
w 0 1.0 0 0.0 0 0.0 0 0.0 
w 0 1.0 0 0.0 0 0.0 0 0.0 
w 0 1.0 0 0.0 0 0.0 0 0.0 
w 0 1.0 0 0.0 0 0.0 0 0.0 
w 0 1.0 0 0.0 0 0.0 0 0.0 
w 0 1.0 0 0.0 0 0.0 0 0.0 
w 0 1.0 0 0.0 0 0.0 0 0.0 
w 0 1.0 0 0.0 0 0.0 0 0.0 
w 0 1.0 0 0.0 0 0.0 0 0.0 
w 0 1.0 0 0.0 0 0.0 0 0.0 
w 0 1.0 0 0.0 0 0.0 0 0.0 
w 0 1.0 0 0.0 0 0.0 0 0.0 
w 0 0.9577038686126251 1 0.042296131387374813 0 0.0 0 0.0 
w 0 0.8851628912536371 1 0.11483710874636285 0 0.0 0 0.0 
w 0 0.7137164360211438 1 0.2862835639788562 0 0.0 0 0.0 
w 1 0.7136986883145506 0 0.2863013116854494 0 0.0 0 0.0 
w 1 0.8851496082972953 0 0.11485039170270467 0 0.0 0 0.0 
w 1 0.9576918481159298 0 0.04230815188407017 0 0.0 0 0.0 
w 1 1.0 0 0.0 0 0.0 0 0.0 
w 1 1.0 0 0.0 0 0.0 0 0.0 
w 1 1.0 0 0.0 0 0.0 0 0.0 
w 1 1.0 0 0.0 0 0.0 0 0.0 
w 1 1.0 0 0.0 0 0.0 0 0.0 
w 1 0.9577513231443208 2 0.04224867685567922 0 0.0 0 0.0 
w 1 0.8852178631088701 2 0.11478213689112994 0 0.0 0 0.0 
w 1 0.713835935333028 2 0.28616406466697203 0 0.0 0 0.0 
w 2 0.7135795933700565 1 0.2864204066299435 0 0.0 0 0.0 
w 2 0.8850258148828382 1 0.11497418511716187 0 0.0 0 0.0 
w 2 0.9575772742027785 1 0.04242272579722151 0 0.0 0 0.0 
w 2 1.0 0 0.0 0 0.0 0 0.0 
w 2 1.0 0 0.0 0 0.0 0 0.0 
w 2 0.9584974803724484 3 0.04150251962755162 0 0.0 0 0.0 
w 2 0.8860798408764652 3 0.1139201591235348 0 0.0 0 0.0 
w 2 0.7157008983461548 3 0.28429910165384525 0 0.0 0 0.0 
w 3 0.7117062961578988 2 0.2882937038421012 0 0.0 0 0.0 
w 3 0.8830647181613178 2 0.11693528183868222 0 0.0 0 0.0 
w 3 0.9150789921087797 4 0.04251438411701015 2 0.042406623774210145 0 0.0 
w 3 0.8829397230065106 4 0.11706027699348938 0 0.0 0 0.0 
w 3 0.7114307595530707 4 0.28856924044692933 0 0.0 0 0.0 
w 4 0.7161812836257992 3 0.28381871637420075 0 0.0 0 0.0 
w 4 0.8870717100917266 3 0.11292828990827342 0 0.0 0 0.0 
w 4 0.9628234136241431 3 0.037176586375856864 0 0.0 0 0.0 
w 4 0.9628100380395269 3 0.037189961960473084 0 0.0 0 0.0 
w 4 0.887069594866475 3 0.112930405133525 0 0.0 0 0.0 
w 4 0.7161801691716401 3 0.28381983082835993 0 0.0 0 0.0 
w 3 0.7114305407149443 4 0.28856945928505573 0 0.0 0 0.0 
w 3 0.8829398373513725 4 0.11706016264862755 0 0.0 0 0.0 
w 3 0.915079065932824 4 0.042514497404897496 2 0.0424064366622786 0 0.0 
w 3 0.8830646913461182 2 0.11693530865388181 0 0.0 0 0.0 
w 3 0.7117068367122535 2 0.28829316328774646 0 0.0 0 0.0 
w 2 0.7157012358098326 3 0.2842987641901674 0 0.0 0 0.0 
w 2 0.8860799403292693 3 0.11392005967073075 0 0.0 0 0.0 
w 2 0.958497345822334 3 0.041502654177666014 0 0.0 0 0.0 
w 2 1.0 0 0.0 0 0.0 0 0.0 
w 2 1.0 0 0.0 0 0.0 0 0.0 
w 2 0.9575772813869323 1 0.04242271861306769 0 0.0 0 0.0 
w 2 0.8850258148828382 1 0.11497418511716187 0 0.0 0 0.0 
w 2 0.7135795933700565 1 0.2864204066299435 0 0.0 0 0.0 
w 1 0.713835935333028 2 0.28616406466697203 0 0.0 0 0.0 
w 1 0.8852178430734623 2 0.11478215692653773 0 0.0 0 0.0 
w 1 0.9577511174441621 2 0.04224888255583792 0 0.0 0 0.0 
w 1 1.0 0 0.0 0 0.0 0 0.0 
w 1 1.0 0 0.0 0 0.0 0 0.0 
w 1 1.0 0 0.0 0 0.0 0 0.0 
w 1 1.0 0 0.0 0 0.0 0 0.0 
w 1 1.0 0 0.0 0 0.0 0 0.0 
w 1 0.9576919437920554 0 0.04230805620794464 0 0.0 0 0.0 
w 1 0.8851497206696252 0 0.11485027933037487 0 0.0 0 0.0 
w 1 0.7136989480110417 0 0.2863010519889583 0 0.0 0 0.0 
w 0 0.7137166148373004 1 0.28628338516269963 0 0.0 0 0.0 
w 0 0.8851629442635682 1 0.11483705573643171 0 0.0 0 0.0 
w 0 0.9577038997982542 1 0.04229610020174578 0 0.0 0 0.0 
w 0 1.0 0 0.0 0 0.0 0 0.0 
w 0 1.0 0 0.0 0 0.0 0 0.0 
w 0 1.0 0 0.0 0 0.0 0 0.0 
w 0 1.0 0 0.0 0 0.0 0 0.0 
w 0 1.0 0 0.0 0 0.0 0 0.0 
w 0 1.0 0 0.0 0 0.0 0 0.0 
w 0 1.0 0 0.0 0 0.0 0 0.0 
w 0 1.0 0 0.0 0 0.0 0 0.0 
w 0 1.0 0 0.0 0 0.0 0 0.0 
w 0 1.0 0 0.0 0 0.0 0 0.0 
w 0 1.0 0 0.0 0 0.0 0 0.0 
w 0 1.0 0 0.0 0 0.0 0 0.0 
w 0 1.0 0 0.0 0 0.0 0 0.0 
w 0 1.0 0 0.0 0 0.0 0 0.0 
w 4 0.9628100452635249 3 0.03718995473647518 0 0.0 0 0.0 
w 4 0.8870696082226458 3 0.11293039177735426 0 0.0 0 0.0 
w 4 0.7161802075464192 3 0.28381979245358085 0 0.0 0 0.0 
w 3 0.7114304979937703 4 0.28856950200622966 0 0.0 0 0.0 
w 3 0.8829398306491111 4 0.11706016935088889 0 0.0 0 0.0 
w 3 0.9150790453162165 4 0.04251451146696131 2 0.042406443216822166 0 0.0 
w 3 0.8830646913461182 2 0.11693530865388181 0 0.0 0 0.0 
w 3 0.7117067980237812 2 0.2882932019762187 0 0.0 0 0.0 
w 2 0.7157012572133045 3 0.28429874278669554 0 0.0 0 0.0 
w 2 0.8860799537532742 3 0.11392004624672583 0 0.0 0 0.0 
w 2 0.9584973627116247 3 0.04150263728837532 0 0.0 0 0.0 
w 2 1.0 0 0.0 0 0.0 0 0.0 
w 2 1.0 0 0.0 0 0.0 0 0.0 
w 2 0.9575772742027785 1 0.04242272579722151 0 0.0 0 0.0 
w 2 0.8850258148828382 1 0.11497418511716187 0 0.0 0 0.0 
w 2 0.7135795933700565 1 0.2864204066299435 0 0.0 0 0.0 
w 1 0.713835935333028 2 0.28616406466697203 0 0.0 0 0.0 
w 1 0.8852178562662678 2 0.11478214373373223 0 0.0 0 0.0 
w 1 0.9577511246099659 2 0.0422488753900341 0 0.0 0 0.0 
w 1 1.0 0 0.0 0 0.0 0 0.0 
w 1 1.0 0 0.0 0 0.0 0 0.0 
w 1 1.0 0 0.0 0 0.0 0 0.0 
w 1 1.0 0 0.0 0 0.0 0 0.0 
w 1 1.0 0 0.0 0 0.0 0 0.0 
w 1 0.9576919391593406 0 0.04230806084065936 0 0.0 0 0.0 
w 1 0.8851497143249882 0 0.11485028567501175 0 0.0 0 0.0 
w 1 0.7136989267404983 0 0.28630107325950177 0 0.0 0 0.0 
w 0 0.7137166148373004 1 0.28628338516269963 0 0.0 0 0.0 
w 0 0.8851629442635682 1 0.11483705573643171 0 0.0 0 0.0 
w 0 0.9577039044309001 1 0.04229609556909981 0 0.0 0 0.0 
w 0 1.0 0 0.0 0 0.0 0 0.0 
w 0 1.0 0 0.0 0 0.0 0 0.0 
w 0 1.0 0 0.0 0 0.0 0 0.0 
w 0 1.0 0 0.0 0 0.0 0 0.0 
w 0 1.0 0 0.0 0 0.0 0 0.0 
w 0 1.0 0 0.0 0 0.0 0 0.0 
w 0 1.0 0 0.0 0 0.0 0 0.0 
w 0 1.0 0 0.0 0 0.0 0 0.0 
w 0 1.0 0 0.0 0 0.0 0 0.0 
w 0 1.0 0 0.0 0 0.0 0 0.0 
w 0 1.0 0 0.0 0 0.0 0 0.0 
w 0 1.0 0 0.0 0 0.0 0 0.0 
w 0 1.0 0 0.0 0 0.0 0 0.0 
w 0 1.0 0 0.0 0 0.0 0 0.0 
f 4 2 0 
f 2 95 96 
f 6 140 95 
f 1 7 5 
f 0 96 8 
f 4 8 140 
f 183 1 5 
f 182 51 183 
f 181 50 182 
f 180 49 181 
f 179 48 180 
f 178 47 179 
f 177 46 178 
f 176 45 177 
f 175 44 176 
f 174 43 175 
f 173 42 174 
f 172 41 173 
f 171 40 172 
f 170 39 171 
f 169 38 170 
f 168 37 169 
f 167 36 168 
f 166 35 167 
f 165 34 166 
f 164 33 165 
f 163 32 164 
f 162 31 163 
f 161 30 162 
f 160 29 161 
f 159 28 160 
f 158 27 159 
f 157 26 158 
f 156 25 157 
f 155 24 156 
f 154 23 155 
f 153 22 154 
f 152 21 153 
f 151 20 152 
f 150 19 151 
f 149 18 150 
f 148 17 149 
f 147 16 148 
f 146 15 147 
f 145 14 146 
f 144 13 145 
f 143 12 144 
f 142 11 143 
f 141 10 142 
f 140 9 141 
f 51 3 1 
f 50 139 51 
f 49 138 50 
f 48 137 49 
f 47 136 48 
f 46 135 47 
f 45 134 46 
f 44 133 45 
f 43 132 44 
f 42 131 43 
f 41 130 42 
f 40 129 41 
f 39 128 40 
f 38 127 39 
f 37 126 38 
f 36 125 37 
f 35 124 36 
f 34 123 35 
f 33 122 34 
f 32 121 33 
f 31 120 32 
f 30 119 31 
f 29 118 30 
f 28 117 29 
f 27 116 28 
f 26 115 27 
f 25 114 26 
f 24 113 25 
f 23 112 24 
f 22 111 23 
f 21 110 22 
f 20 109 21 
f 19 108 20 
f 18 107 19 
f 17 106 18 
f 16 105 17 
f 15 104 16 
f 14 103 15 
f 13 102 14 
f 12 101 13 
f 11 100 12 
f 10 99 11 
f 9 98 10 
f 8 97 9 
f 52 5 7 
f 53 183 52 
f 54 182 53 
f 55 181 54 
f 56 180 55 
f 57 179 56 
f 58 178 57 
f 59 177 58 
f 60 176 59 
f 61 175 60 
f 62 174 61 
f 63 173 62 
f 64 172 63 
f 65 171 64 
f 66 170 65 
f 67 169 66 
f 68 168 67 
f 69 167 68 
f 70 166 69 
f 71 165 70 
f 72 164 71 
f 73 163 72 
f 74 162 73 
f 75 161 74 
f 76 160 75 
f 77 159 76 
f 78 158 77 
f 79 157 78 
f 80 156 79 
f 81 155 80 
f 82 154 81 
f 83 153 82 
f 84 152 83 
f 85 151 84 
f 86 150 85 
f 87 149 86 
f 88 148 87 
f 89 147 88 
f 90 146 89 
f 91 145 90 
f 92 144 91 
f 93 143 92 
f 94 142 93 
f 95 141 94 
f 139 7 3 
f 138 52 139 
f 137 54 138 
f 136 55 137 
f 135 56 136 
f 134 57 135 
f 133 58 134 
f 132 59 133 
f 131 59 132 
f 130 60 131 
f 129 62 130 
f 128 63 129 
f 127 64 128 
f 126 65 127 
f 125 65 126 
f 124 66 125 
f 123 67 124 
f 122 68 123 
f 121 70 122 
f 120 71 121 
f 119 72 120 
f 118 73 119 
f 117 74 118 
f 116 75 117 
f 115 76 116 
f 114 77 115 
f 113 77 114 
f 112 78 113 
f 111 79 112 
f 110 80 111 
f 109 81 110 
f 108 82 109 
f 107 84 108 
f 106 85 107 
f 105 86 106 
f 104 86 105 
f 103 88 104 
f 102 88 103 
f 101 90 102 
f 100 90 101 
f 99 91 100 
f 98 93 99 
f 97 93 98 
f 96 95 97 
f 4 6 2 
f 2 6 95 
f 6 4 140 
f 1 3 7 
f 0 2 96 
f 4 0 8 
f 183 51 1 
f 182 50 51 
f 181 49 50 
f 180 48 49 
f 179 47 48 
f 178 46 47 
f 177 45 46 
f 176 44 45 
f 175 43 44 
f 174 42 43 
f 173 41 42 
f 172 40 41 
f 171 39 40 
f 170 38 39 
f 169 37 38 
f 168 36 37 
f 167 35 36 
f 166 34 35 
f 165 33 34 
f 164 32 33 
f 163 31 32 
f 162 30 31 
f 161 29 30 
f 160 28 29 
f 159 27 28 
f 158 26 27 
f 157 25 26 
f 156 24 25 
f 155 23 24 
f 154 22 23 
f 153 21 22 
f 152 20 21 
f 151 19 20 
f 150 18 19 
f 149 17 18 
f 148 16 17 
f 147 15 16 
f 146 14 15 
f 145 13 14 
f 144 12 13 
f 143 11 12 
f 142 10 11 
f 141 9 10 
f 140 8 9 
f 51 139 3 
f 50 138 139 
f 49 137 138 
f 48 136 137 
f 47 135 136 
f 46 134 135 
f 45 133 134 
f 44 132 133 
f 43 131 132 
f 42 130 131 
f 41 129 130 
f 40 128 129 
f 39 127 128 
f 38 126 127 
f 37 125 126 
f 36 124 125 
f 35 123 124 
f 34 122 123 
f 33 121 122 
f 32 120 121 
f 31 119 120 
f 30 118 119 
f 29 117 118 
f 28 116 117 
f 27 115 116 
f 26 114 115 
f 25 113 114 
f 24 112 113 
f 23 111 112 
f 22 110 111 
f 21 109 110 
f 20 108 109 
f 19 107 108 
f 18 106 107 
f 17 105 106 
f 16 104 105 
f 15 103 104 
f 14 102 103 
f 13 101 102 
f 12 100 101 
f 11 99 100 
f 10 98 99 
f 9 97 98 
f 8 96 97 
f 52 183 5 
f 53 182 183 
f 54 181 182 
f 55 180 181 
f 56 179 180 
f 57 178 179 
f 58 177 178 
f 59 176 177 
f 60 175 176 
f 61 174 175 
f 62 173 174 
f 63 172 173 
f 64 171 172 
f 65 170 171 
f 66 169 170 
f 67 168 169 
f 68 167 168 
f 69 166 167 
f 70 165 166 
f 71 164 165 
f 72 163 164 
f 73 162 163 
f 74 161 162 
f 75 160 161 
f 76 159 160 
f 77 158 159 
f 78 157 158 
f 79 156 157 
f 80 155 156 
f 81 154 155 
f 82 153 154 
f 83 152 153 
f 84 151 152 
f 85 150 151 
f 86 149 150 
f 87 148 149 
f 88 147 148 
f 89 146 147 
f 90 145 146 
f 91 144 145 
f 92 143 144 
f 93 142 143 
f 94 141 142 
f 95 140 141 
f 139 52 7 
f 138 53 52 
f 75 74 117 
f 65 64 127 
f 63 62 129 
f 64 63 128 
f 59 58 133 
f 57 56 135 
f 131 60 59 
f 130 61 60 
f 56 55 136 
f 54 53 138 
f 70 69 122 
f 72 71 120 
f 125 66 65 
f 124 67 66 
f 123 68 67 
f 122 69 68 
f 55 54 137 
f 58 57 134 
f 62 61 130 
f 71 70 121 
f 86 85 106 
f 74 73 118 
f 88 87 104 
f 113 78 77 
f 112 79 78 
f 111 80 79 
f 110 81 80 
f 109 82 81 
f 108 83 82 
f 77 76 115 
f 84 83 108 
f 90 89 102 
f 104 87 86 
f 76 75 116 
f 102 89 88 
f 95 94 97 
f 100 91 90 
f 99 92 91 
f 73 72 119 
f 97 94 93 
f 93 92 99 
f 85 84 107 
b 0 1.0 0.0 0.0 0.0 0.0 0.0 -1.0 0.0 0.0 1.0 0.0 0.0 0.0 0.0 0.0 1.0 
b 0 1.0 0.0 0.0 0.0 0.0 0.0 -1.0 0.0 0.0 1.0 0.0 11.139202117919922 0.0 0.0 0.0 1.0 
b 1 1.0 0.0 2.3841855067985307e-07 0.0 2.3841855067985307e-07 0.0 -1.0 0.0 0.0 0.9999999403953552 0.0 18.548294067382812 0.0 0.0 0.0 1.0 
b 2 1.0 0.0 2.3841856489070778e-07 0.0 2.3841856489070778e-07 0.0 -1.0 0.0 0.0 0.9999999403953552 0.0 23.642810821533203 0.0 0.0 0.0 1.0 
b 3 1.0 0.0 2.3841856489070778e-07 0.0 2.3841856489070778e-07 0.0 -1.0 0.0 0.0 0.9999999403953552 0.0 26.906063079833984 0.0 0.0 0.0 1.0 
s 0.0 0.0 0.0 0.7071068286895752 0.7071068286895752 0.0 0.0
s 0.0 0.0 0.0 0.7071068286895752 0.7071068286895752 0.0 0.0
s 0.0 0.0 0.0 0.7071068286895752 0.7071068286895752 0.0 0.0
s 0.0 0.0 0.0 0.9070792198181152 0.4149579703807831 -0.03915068507194519 -0.05902865156531334
s 0.0 0.0 0.0 0.7071068286895752 0.7071068286895752 0.0 0.0
s 0.0 11.139202117919922 0.0 1.0 0.0 0.0 0.0
s 0.0 11.139202117919922 0.0 0.8570687770843506 -0.5048495531082153 -0.100718654692173 -0.02039209194481373
s 0.0 11.139202117919922 0.0 0.6767303347587585 -0.7214372158050537 -0.1439284086227417 -0.029140593484044075
s 0.0 11.139202117919922 0.0 0.8615220785140991 -0.49751797318458557 -0.0992559865117073 -0.020095951855182648
s 0.0 11.139202117919922 0.0 1.0 0.0 0.0 0.0
s 0.0 7.409091949462891 0.0 1.0 0.0 1.1920927533992653e-07 0.0
s 0.0 7.409091949462891 0.0 0.9207141995429993 -0.3823961317539215 -0.07628879696130753 -0.015445967204868793
s 0.0 7.409091949462891 0.0 0.8510067462921143 -0.5146022439002991 -0.10266424715518951 -0.020786110311746597
s 0.0 7.409091949462891 0.0 0.9616989493370056 -0.2685999870300293 -0.05358623340725899 -0.010849456302821636
s 0.0 7.409091949462891 0.0 1.0 0.0 1.1920927533992653e-07 0.0
s 0.0 5.094516754150391 0.0 1.0 0.0 7.105427357601002e-15 0.0
s 0.0 5.094516754150391 0.0 1.0 0.0 7.105427357601002e-15 0.0
s 0.0 5.094516754150391 0.0 0.9757847189903259 0.21433797478675842 0.042760927230119705 0.008657682687044144
s 0.0 5.094516754150391 0.0 0.9565005898475647 0.285868376493454 0.05703138932585716 0.011546991765499115
s 0.0 5.094516754150391 0.0 1.0 0.0 7.105427357601002e-15 0.0
s 0.0 3.263254165649414 0.0 1.0 0.0 0.0 0.0
s 0.0 3.263254165649414 0.0 0.8538142442703247 -0.5101172924041748 -0.1017695888876915 -0.02060500718653202
s 0.0 3.263254165649414 0.0 0.9162381887435913 0.39258357882499695 0.07832133024930954 0.015857486054301262
s 0.0 3.263254165649414 0.0 0.9162381887435913 0.39258357882499695 0.07832133024930954 0.015857486054301262
s 0.0 3.263254165649414 0.0 1.0 0.0 0.0 0.0
